1000 150
0.21
0.345
0.335
0.285
0.465
0.45
0.19
0.18
0.225
0.21
0.165
0.395
0.135
0.285
0.22
0.42
0.43
0.46
0.23
0.19
0.425
0.165
0.41
0.365
0.245
0.35
0.295
0.115
0.285
0.36
0.37
0.345
0.165
0.21
0.14
0.23
0.15
0.32
0.145
0.37
0.205
0.245
0.275
0.49
0.4
0.16
0.125
0.19
0.41
0.15
0.175
0.195
0.285
0.42
0.31
0.25
0.275
0.135
0.15
0.18
0.1
0.39
0.235
0.13
0.225
0.205
0.29
0.49
0.455
0.48
0.365
0.42
0.185
0.465
0.455
0.215
0.365
0.425
0.405
0.395
0.355
0.4
0.38
0.415
0.205
0.39
0.35
0.115
0.21
0.435
0.215
0.42
0.3
0.275
0.245
0.39
0.365
0.31
0.18
0.22
0.47
0.345
0.16
0.48
0.35
0.42
0.29
0.39
0.125
0.4
0.29
0.33
0.415
0.12
0.49
0.3
0.21
0.215
0.215
0.195
0.485
0.285
0.405
0.31
0.375
0.405
0.115
0.215
0.25
0.19
0.3
0.29
0.35
0.44
0.18
0.45
0.185
0.225
0.225
0.195
0.22
0.265
0.35
0.12
0.41
0.405
0.235
0.485
0.175
0.325
0.37
0.34
0.245
0.275
0.26
0.47
0.475
0.145
0.495
0.1
0.11
0.125
0.245
0.23
0.49
0.295
0.49
0.3
0.115
0.36
0.165
0.49
0.4
0.475
0.39
0.285
0.335
0.265
0.235
0.265
0.18
0.19
0.46
0.15
0.4
0.16
0.485
0.195
0.4
0.36
0.275
0.205
0.3
0.335
0.265
0.325
0.475
0.1
0.33
0.39
0.49
0.235
0.5
0.425
0.265
0.265
0.335
0.135
0.11
0.305
0.215
0.26
0.38
0.32
0.305
0.145
0.15
0.23
0.395
0.33
0.135
0.395
0.49
0.45
0.11
0.375
0.285
0.335
0.18
0.35
0.495
0.24
0.215
0.225
0.355
0.5
0.44
0.24
0.135
0.195
0.19
0.5
0.3
0.21
0.1
0.345
0.12
0.115
0.46
0.16
0.42
0.18
0.325
0.42
0.17
0.34
0.32
0.165
0.345
0.135
0.235
0.105
0.425
0.44
0.295
0.305
0.25
0.265
0.185
0.375
0.32
0.42
0.37
0.285
0.415
0.14
0.155
0.485
0.305
0.18
0.23
0.185
0.48
0.4
0.265
0.255
0.34
0.45
0.32
0.405
0.33
0.335
0.4
0.185
0.46
0.335
0.32
0.155
0.47
0.225
0.4
0.14
0.38
0.145
0.32
0.19
0.24
0.2
0.145
0.22
0.405
0.175
0.255
0.24
0.335
0.12
0.23
0.19
0.38
0.11
0.15
0.335
0.225
0.205
0.145
0.205
0.395
0.105
0.125
0.45
0.31
0.17
0.365
0.25
0.395
0.33
0.295
0.21
0.45
0.395
0.35
0.33
0.4
0.175
0.31
0.49
0.485
0.185
0.16
0.375
0.455
0.455
0.24
0.13
0.115
0.16
0.5
0.23
0.145
0.13
0.145
0.13
0.415
0.41
0.46
0.475
0.435
0.315
0.285
0.5
0.315
0.325
0.405
0.23
0.21
0.475
0.45
0.4
0.265
0.135
0.42
0.2
0.11
0.485
0.1
0.365
0.315
0.475
0.23
0.21
0.235
0.2
0.13
0.44
0.245
0.12
0.46
0.435
0.34
0.475
0.17
0.41
0.42
0.215
0.27
0.365
0.33
0.16
0.31
0.24
0.495
0.45
0.43
0.14
0.125
0.125
0.445
0.335
0.48
0.175
0.165
0.35
0.2
0.295
0.16
0.47
0.17
0.43
0.175
0.225
0.125
0.38
0.4
0.21
0.455
0.22
0.455
0.485
0.3
0.145
0.225
0.185
0.305
0.27
0.39
0.28
0.37
0.37
0.225
0.105
0.48
0.185
0.375
0.5
0.29
0.42
0.425
0.28
0.27
0.355
0.26
0.395
0.215
0.175
0.135
0.35
0.155
0.235
0.175
0.13
0.15
0.485
0.45
0.4
0.29
0.3
0.365
0.23
0.355
0.195
0.21
0.49
0.135
0.105
0.355
0.355
0.39
0.38
0.285
0.12
0.455
0.42
0.175
0.125
0.385
0.48
0.485
0.445
0.15
0.43
0.405
0.195
0.375
0.33
0.425
0.18
0.3
0.28
0.25
0.375
0.375
0.185
0.435
0.475
0.105
0.495
0.21
0.285
0.155
0.185
0.21
0.2
0.345
0.455
0.225
0.485
0.42
0.45
0.26
0.215
0.34
0.265
0.185
0.325
0.395
0.365
0.46
0.435
0.1
0.1
0.365
0.21
0.26
0.1
0.12
0.38
0.355
0.36
0.105
0.105
0.41
0.46
0.39
0.435
0.25
0.205
0.155
0.365
0.445
0.295
0.44
0.2
0.355
0.345
0.225
0.285
0.245
0.34
0.42
0.16
0.345
0.385
0.46
0.49
0.285
0.195
0.16
0.115
0.495
0.455
0.24
0.105
0.35
0.215
0.365
0.345
0.325
0.285
0.335
0.14
0.42
0.21
0.305
0.46
0.41
0.17
0.37
0.275
0.3
0.345
0.13
0.125
0.335
0.385
0.335
0.395
0.235
0.42
0.25
0.105
0.435
0.415
0.22
0.44
0.39
0.265
0.39
0.185
0.235
0.26
0.16
0.44
0.425
0.41
0.275
0.205
0.3
0.33
0.39
0.36
0.17
0.32
0.1
0.3
0.5
0.31
0.4
0.17
0.34
0.19
0.16
0.16
0.185
0.41
0.49
0.45
0.29
0.485
0.28
0.17
0.35
0.195
0.28
0.345
0.18
0.1
0.495
0.42
0.265
0.135
0.44
0.265
0.21
0.225
0.21
0.155
0.27
0.3
0.275
0.135
0.18
0.155
0.195
0.455
0.225
0.485
0.13
0.4
0.205
0.28
0.35
0.485
0.24
0.435
0.115
0.16
0.375
0.5
0.485
0.255
0.39
0.39
0.105
0.36
0.36
0.395
0.23
0.15
0.24
0.135
0.475
0.24
0.335
0.29
0.23
0.46
0.105
0.41
0.455
0.2
0.28
0.12
0.47
0.22
0.455
0.46
0.405
0.12
0.42
0.22
0.415
0.185
0.49
0.425
0.44
0.475
0.145
0.175
0.5
0.275
0.24
0.135
0.1
0.33
0.31
0.26
0.44
0.295
0.485
0.455
0.405
0.405
0.43
0.24
0.215
0.3
0.36
0.44
0.45
0.24
0.19
0.3
0.265
0.275
0.45
0.24
0.275
0.285
0.295
0.125
0.255
0.11
0.215
0.155
0.26
0.445
0.48
0.29
0.315
0.135
0.23
0.215
0.15
0.22
0.355
0.33
0.32
0.14
0.415
0.44
0.21
0.46
0.475
0.18
0.12
0.31
0.22
0.41
0.295
0.155
0.48
0.22
0.305
0.39
0.36
0.31
0.38
0.325
0.11
0.205
0.135
0.425
0.4
0.36
0.5
0.145
0.135
0.215
0.415
0.16
0.165
0.265
0.475
0.495
0.1
0.115
0.36
0.25
0.25
0.135
0.445
0.265
0.375
0.405
0.17
0.135
0.345
0.24
0.42
0.185
0.345
0.27
0.255
0.245
0.245
0.27
0.5
0.275
0.225
0.415
0.305
0.48
0.455
0.185
0.265
0.38
0.25
0.33
0.35
0.435
0.46
0.175
0.265
0.475
0.235
0.28
0.275
0.43
0.16
0.495
0.415
0.44
0.205
0.315
0.385
0.3
0.33
0.265
0.395
0.405
0.48
0.17
0.495
0.235
0.37
0.435
0.22
0.385
0.26
0.495
0.345
0.32
0.47
0.19
0.345
0.305
0.49
0.2
0.42
0.445
0.245
0.32
0.265
0.205
0.17
0.425
0.175
0.275
0.305
0.34
0.5
0.375
0.49
0.18
0.22
0.285
0.12
0.3
0.225
0.24
0.3
0.47
0.355
0.35
0.32
0.31
0.465
0.1
0.345
0.185
0.315
0.305
0.13
0.27
0.445
0.23
0.27
0.25
0.16
0.355
0.31
0.2
0.13
0.295
0.31
0.135
0.3
0.25
0.37
0.17
0.2
0.35
0.28
0.115
0.33
0.285
0.215
0.225
0.325
0.125
0.41
0.41
0.185
0.33
0.235
0.22
0.47
0.115
0.12
0.255
0.5
0.11
0.125
0.255
0.475
0.29
0.485
0.15
0.395
0.115
0.265
0.4
0.1
0.325
0.32
0.105
0.13
0.5
0.405
0.49
0.35
0.425
0.46
0.485
0.43
0.355
0.455
0.145
0.315
0.17
0.335
0.115
0.165
0.445
0.47
0.235
0.5
0.185
0.2
0.29
