1000
177 283
4
3
3
3
3
3
4
3
4
4
3
3
3
4
3
4
4
3
4
4
3
4
4
4
3
3
4
3
3
3
3
5
4
4
4
4
3
4
3
3
4
4
4
4
4
4
3
3
3
4
3
4
3
3
3
3
3
3
4
3
3
3
4
4
3
3
3
3
3
4
3
4
3
3
4
3
3
3
3
3
3
4
3
4
3
3
4
3
4
4
3
3
3
3
3
3
3
4
3
3
3
4
4
3
4
3
3
3
3
3
3
3
4
3
3
3
3
3
3
3
3
4
3
4
3
4
3
3
3
3
3
3
3
3
3
3
4
3
3
3
3
3
3
3
3
3
4
3
3
3
3
3
3
4
4
4
3
3
3
3
3
4
3
3
3
3
3
3
3
3
3
3
3
3
3
3
3
16
6
9
13
15
16
19
23
31
49
71
81
112
128
153
154
155
0 4 14
0 146 189
0 147 25
1 23 62
1 154 130
1 131 203
2 128 293
2 133 202
3 31 50
3 88 12
4 92 132
5 162 238
5 49 13
5 92 547
6 115 140
6 16 12
6 116 51
7 105 42
7 81 55
7 8 204
8 28 12
8 110 61
9 149 55
9 64 47
9 56 96
9 36 148
10 148 99
10 11 249
10 12 272
11 12 45
11 171 171
12 149 42
13 86 138
13 23 105
13 169 75
14 170 20
14 169 20
14 97 156
15 155 67
15 153 7
15 77 97
15 156 224
16 158 58
16 100 209
17 50 94
17 124 39
17 155 85
18 19 117
18 73 80
18 84 117
19 96 37
19 125 130
19 20 29
20 134 14
20 135 48
21 73 17
21 135 34
21 137 14
21 168 17
22 69 60
22 72 148
22 43 79
22 139 22
23 132 90
23 153 113
24 68 118
24 117 107
24 71 232
25 48 42
25 42 73
26 88 49
26 87 51
26 27 95
26 43 164
27 139 143
27 68 98
28 162 266
29 78 85
30 145 40
30 146 33
30 176 72
31 142 29
31 160 15
31 159 18
32 33 72
32 78 122
32 44 138
33 34 121
33 45 140
33 83 213
34 62 118
34 39 138
34 40 137
35 41 104
35 36 58
35 63 63
35 64 142
36 37 97
37 164 74
37 41 63
37 163 38
38 163 74
38 41 173
38 86 133
39 60 116
39 85 124
40 45 123
40 172 164
40 65 118
41 61 85
42 83 74
42 59 66
42 78 64
43 57 96
43 48 172
44 45 76
46 83 56
46 72 62
47 58 43
47 89 241
48 58 92
49 144 21
49 81 255
49 141 31
50 111 73
50 100 104
51 102 78
51 54 241
51 80 64
51 156 98
52 105 60
52 53 87
52 123 91
53 110 105
53 99 40
54 77 17
54 76 106
55 86 177
57 89 56
57 58 216
58 59 102
60 61 97
60 62 129
61 63 115
62 65 140
62 63 75
63 66 139
64 66 42
65 66 52
67 133 89
68 138 152
69 75 109
69 138 17
69 70 113
70 72 56
70 74 67
71 161 63
71 112 40
71 125 64
73 167 8
74 75 93
74 84 108
74 167 85
75 168 7
76 123 64
76 82 80
77 121 66
79 80 81
79 174 49
79 101 190
80 93 193
81 82 29
81 162 12
82 105 12
83 85 115
84 85 46
87 89 193
87 88 52
90 109 65
90 176 28
90 95 59
91 143 121
91 140 76
91 145 54
92 146 50
93 101 77
93 94 78
94 109 72
94 140 152
95 101 65
95 144 278
96 97 43
96 97 204
97 173 107
98 106 76
98 104 141
98 108 53
99 103 115
99 150 72
100 104 59
101 109 66
102 141 52
102 174 35
103 106 19
103 111 201
104 107 107
104 111 78
106 110 24
107 158 86
107 108 76
108 158 92
112 161 55
112 132 115
112 166 44
113 171 7
113 172 6
114 165 70
114 115 77
114 130 39
115 129 152
116 119 82
116 127 391
117 137 48
117 120 62
118 131 42
118 157 115
118 128 57
119 175 52
119 128 301
120 134 29
120 136 15
121 124 74
121 123 125
121 155 82
122 124 126
122 150 26
122 151 35
123 151 37
125 173 17
125 166 67
126 148 189
127 133 193
129 154 204
129 130 110
130 157 93
131 152 135
132 170 100
134 136 31
135 136 12
136 137 42
138 139 64
140 142 114
141 144 29
142 143 16
143 159 10
145 146 20
147 160 73
150 151 42
152 157 48
153 161 224
153 154 67
154 155 9
156 161 5
159 160 20
165 175 7
166 173 51
167 168 29
169 170 24
171 172 9
