177 283
0 4
0 146
0 147
1 23
1 154
1 131
2 128
2 133
3 31
3 88
4 92
5 162
5 49
5 92
6 115
6 16
6 116
7 105
7 81
7 8
8 28
8 110
9 149
9 64
9 56
9 36
10 148
10 11
10 12
11 12
11 171
12 149
13 86
13 23
13 169
14 170
14 169
14 97
15 155
15 153
15 77
15 156
16 158
16 100
17 50
17 124
17 155
18 19
18 73
18 84
19 96
19 125
19 20
20 134
20 135
21 73
21 135
21 137
21 168
22 69
22 72
22 43
22 139
23 132
23 153
24 68
24 117
24 71
25 48
25 42
26 88
26 87
26 27
26 43
27 139
27 68
28 162
29 78
30 145
30 146
30 176
31 142
31 160
31 159
32 33
32 78
32 44
33 34
33 45
33 83
34 62
34 39
34 40
35 41
35 36
35 63
35 64
36 37
37 164
37 41
37 163
38 163
38 41
38 86
39 60
39 85
40 45
40 172
40 65
41 61
42 83
42 59
42 78
43 57
43 48
44 45
46 83
46 72
47 58
47 89
48 58
49 144
49 81
49 141
50 111
50 100
51 102
51 54
51 80
51 156
52 105
52 53
52 123
53 110
53 99
54 77
54 76
55 86
57 89
57 58
58 59
60 61
60 62
61 63
62 65
62 63
63 66
64 66
65 66
67 133
68 138
69 75
69 138
69 70
70 72
70 74
71 161
71 112
71 125
73 167
74 75
74 84
74 167
75 168
76 123
76 82
77 121
79 80
79 174
79 101
80 93
81 82
81 162
82 105
83 85
84 85
87 89
87 88
90 109
90 176
90 95
91 143
91 140
91 145
92 146
93 101
93 94
94 109
94 140
95 101
95 144
96 97
96 97
97 173
98 106
98 104
98 108
99 103
99 150
100 104
101 109
102 141
102 174
103 106
103 111
104 107
104 111
106 110
107 158
107 108
108 158
112 161
112 132
112 166
113 171
113 172
114 165
114 115
114 130
115 129
116 119
116 127
117 137
117 120
118 131
118 157
118 128
119 175
119 128
120 134
120 136
121 124
121 123
121 155
122 124
122 150
122 151
123 151
125 173
125 166
126 148
127 133
129 154
129 130
130 157
131 152
132 170
134 136
135 136
136 137
138 139
140 142
141 144
142 143
143 159
145 146
147 160
150 151
152 157
153 161
153 154
154 155
156 161
159 160
165 175
166 173
167 168
169 170
171 172
16
6
9
13
15
16
19
23
31
49
71
81
112
128
153
154
155
