191 283
4
3
3
3
3
3
4
3
4
4
3
3
3
4
3
4
4
3
4
4
3
4
4
4
3
1
3
4
3
3
3
3
5
4
4
4
4
3
4
3
3
4
4
4
4
4
4
3
3
3
4
3
4
3
3
3
3
3
3
4
3
3
3
4
4
3
3
3
3
3
4
3
4
3
3
4
3
3
3
3
3
3
4
3
4
3
3
1
4
3
4
4
3
3
3
3
3
3
3
4
3
3
1
3
4
4
3
4
3
3
3
3
3
3
3
4
3
3
3
3
3
3
3
3
4
3
4
3
4
3
3
1
3
3
3
3
1
3
3
3
3
4
3
3
3
3
3
3
3
3
3
4
3
3
3
3
3
1
3
4
4
4
3
3
3
3
3
4
3
3
3
1
3
3
3
3
1
1
3
3
1
1
3
3
3
1
3
3
1
1
3
0 4
0 151
0 152
1 23
1 160
1 135
2 132
2 138
3 32
3 90
4 94
5 168
5 50
5 94
6 118
6 16
6 119
7 108
7 82
7 8
8 29
8 113
9 154
9 65
9 57
9 37
10 153
10 11
10 12
11 12
11 182
12 154
13 88
13 23
13 178
14 179
14 178
14 99
15 161
15 159
15 78
15 162
16 164
16 103
17 51
17 127
17 161
18 25
18 19
18 74
18 85
19 98
19 128
19 20
20 139
20 140
21 74
21 140
21 142
21 175
22 70
22 73
22 44
22 144
23 137
23 159
24 69
24 120
24 72
26 176
26 49
26 43
27 90
27 89
27 28
27 44
28 144
28 69
29 168
30 79
31 150
31 151
31 190
32 147
32 166
32 165
33 34
33 79
33 45
34 35
34 46
34 84
35 63
35 40
35 41
36 42
36 37
36 64
36 65
37 38
38 170
38 42
38 169
39 169
39 42
39 88
40 61
40 86
41 46
41 183
41 66
42 62
43 84
43 60
43 79
44 58
44 49
45 46
47 84
47 177
47 73
48 59
48 91
49 59
50 149
50 82
50 146
51 114
51 103
52 105
52 55
52 81
52 162
53 108
53 54
53 126
54 113
54 101
55 78
55 77
56 88
58 91
58 59
59 60
61 62
61 63
62 64
63 66
63 64
64 67
65 67
66 67
68 138
69 143
70 76
70 143
70 71
71 73
71 75
72 167
72 115
72 128
74 174
75 76
75 85
75 174
76 175
77 126
77 83
78 124
80 81
80 186
80 104
81 95
82 83
82 168
83 108
84 86
85 86
87 88
89 91
89 90
90 157
92 112
92 190
92 97
93 148
93 145
93 150
94 151
95 104
95 96
96 112
96 145
97 104
97 149
98 99
98 99
99 184
100 109
100 107
100 111
101 106
101 155
102 105
103 107
104 112
105 146
105 186
106 109
106 114
107 110
107 114
109 113
110 164
110 111
111 164
115 167
115 137
115 173
116 182
116 183
117 172
117 118
117 134
118 133
119 122
119 130
120 142
120 123
121 135
121 163
121 132
122 187
122 132
123 139
123 141
124 127
124 126
124 161
125 127
125 155
125 156
126 156
128 184
128 173
129 153
130 131
130 138
133 160
133 134
134 163
135 158
136 158
137 179
139 141
140 141
141 142
143 144
145 147
146 149
147 148
148 165
150 151
152 166
155 156
158 163
159 167
159 160
160 161
162 167
165 166
169 181
170 180
171 172
172 187
173 184
174 175
178 179
182 183
185 186
187 188
189 190
